S&P500
4053.72
4070.56
4036.08
4060.43
3982.71
4016.22
4001.74
4016.95
3978.14
4019.81
3909.04
3972.61
3911.84
3898.85
4002.25
3928.86
3999.28
3990.97
3960.32
3999.09
3977.57
3983.17
3932.35
3969.61
3888.57
3919.25
3910.82
3892.09
UBI.FY
5.260000
5.280000
5.010000
5.090000
5.030000
4.390000
4.470000
4.420000
4.500000
4.470000
4.250000
4.290000
4.340000
4.200000
4.120000
4.140000
4.040000
4.140000
4.150000
4.220000
4.230000
4.220000
4.110000
4.130000
4.100000
4.060000
4.060000
4.130000
MSFT
226.449997
227.119995
227.759995
228.850006
231.289993
235.770004
235.259995
238.509995
237.000000
239.229996
237.970001
240.350006
241.570007
235.809998
233.779999
231.929993
234.860001
240.220001
241.100006
242.580002
242.500000
242.039993
234.479996
240.610001
243.649994
248.000000
248.990005
248.160004
Sony
81.680000
82.620003
81.440002
82.080002
83.930000
84.290001
84.650002
86.070000
84.190002
85.750000
86.279999
86.760002
88.000000
86.680000
88.279999
87.970001
88.400002
89.290001
88.129997
88.910004
89.010002
89.309998
88.959999
89.550003
88.900002
89.129997
89.480003
90.610001
ATVI
76.6739
76.3969
76.2188
76.8619
76.8619
76.1793
76.0704
76.0803
76.0704
75.8429
75.0860
73.7653
73.8246
73.6861
73.6861
72.9738
72.7364
73.0529
73.0282
74.4182
74.1956
74.3094
74.2006
73.8444
73.9928
74.7942
74.6953
75.7934